142202.4
141315.52
148568.32
148536.64
148540.48
150615.36
148202.88
151837.76
150611.84
149666.24
144344.64
150609.92
149796.48
150611.84
150611.84
150606.72
144816.32
150611.84
150614.08
150612.16
150610.88
150613.12
150609.92
150611.52
150611.84
150611.84
150614.08
149997.44
150611.84
150611.84
150611.84
150611.84
150602.24
150611.84
150613.12
150990.72
150611.84
150611.84
150611.84
150610.24
150611.84
150611.84
150611.84
150611.84
150610.24
150611.84
150611.84
150611.84
150613.76
150611.84

